rs,minx,miny,maxx,maxy,bbox_wkt
01001,9.3,54.7,9.6,54.9,"POLYGON((9.3 54.7,9.3 54.9,9.6 54.9,9.6 54.7,9.3 54.7))"
01002,9.9,54.2,10.3,54.5,"POLYGON((9.9 54.2,9.9 54.5,10.3 54.5,10.3 54.2,9.9 54.2))"
01003,10.5,53.7,11.1,54.1,"POLYGON((10.5 53.7,10.5 54.1,11.1 54.1,11.1 53.7,10.5 53.7))"
01004,9.8,53.9,10.2,54.2,"POLYGON((9.8 53.9,9.8 54.2,10.2 54.2,10.2 53.9,9.8 53.9))"
01051,8.6,53.8,9.5,54.5,"POLYGON((8.6 53.8,8.6 54.5,9.5 54.5,9.5 53.8,8.6 53.8))"
01053,10.1,53.3,11.1,53.9,"POLYGON((10.1 53.3,10.1 53.9,11.1 53.9,11.1 53.3,10.1 53.3))"
01054,8.2,54.2,9.4,55.2,"POLYGON((8.2 54.2,8.2 55.2,9.4 55.2,9.4 54.2,8.2 54.2))"
01055,10.3,53.8,11.4,54.6,"POLYGON((10.3 53.8,10.3 54.6,11.4 54.6,11.4 53.8,10.3 53.8))"
01056,7.8,53.5,10.1,54.3,"POLYGON((7.8 53.5,7.8 54.3,10.1 54.3,10.1 53.5,7.8 53.5))"
01057,9.9,54,10.8,54.5,"POLYGON((9.9 54,9.9 54.5,10.8 54.5,10.8 54,9.9 54))"
01058,9.2,53.9,10.3,54.7,"POLYGON((9.2 53.9,9.2 54.7,10.3 54.7,10.3 53.9,9.2 53.9))"
01059,9,54.2,10.1,55,"POLYGON((9 54.2,9 55,10.1 55,10.1 54.2,9 54.2))"
01060,9.7,53.5,10.7,54.2,"POLYGON((9.7 53.5,9.7 54.2,10.7 54.2,10.7 53.5,9.7 53.5))"
01061,9.1,53.6,10,54.2,"POLYGON((9.1 53.6,9.1 54.2,10 54.2,10 53.6,9.1 53.6))"
01062,9.9,53.4,10.7,54,"POLYGON((9.9 53.4,9.9 54,10.7 54,10.7 53.4,9.9 53.4))"
02000,8.3,53.3,10.4,54.1,"POLYGON((8.3 53.3,8.3 54.1,10.4 54.1,10.4 53.3,8.3 53.3))"
03101,10.3,52.1,10.7,52.5,"POLYGON((10.3 52.1,10.3 52.5,10.7 52.5,10.7 52.1,10.3 52.1))"
03102,10.1,51.9,10.6,52.3,"POLYGON((10.1 51.9,10.1 52.3,10.6 52.3,10.6 51.9,10.1 51.9))"
03103,10.5,52.2,11,52.6,"POLYGON((10.5 52.2,10.5 52.6,11 52.6,11 52.2,10.5 52.2))"
03151,10.2,52.2,11.1,52.9,"POLYGON((10.2 52.2,10.2 52.9,11.1 52.9,11.1 52.2,10.2 52.2))"
03152,9.4,51.2,10.5,51.7,"POLYGON((9.4 51.2,9.4 51.7,10.5 51.7,10.5 51.2,9.4 51.2))"
03153,10,51.5,10.8,52.2,"POLYGON((10 51.5,10 52.2,10.8 52.2,10.8 51.5,10 51.5))"
03154,10.5,51.9,11.2,52.6,"POLYGON((10.5 51.9,10.5 52.6,11.2 52.6,11.2 51.9,10.5 51.9))"
03155,9.3,51.5,10.3,52,"POLYGON((9.3 51.5,9.3 52,10.3 52,10.3 51.5,9.3 51.5))"
03156,10,51.5,10.8,51.9,"POLYGON((10 51.5,10 51.9,10.8 51.9,10.8 51.5,10 51.5))"
03157,9.9,52.1,10.6,52.5,"POLYGON((9.9 52.1,9.9 52.5,10.6 52.5,10.6 52.1,9.9 52.1))"
03158,10.1,51.9,11,52.4,"POLYGON((10.1 51.9,10.1 52.4,11 52.4,11 51.9,10.1 51.9))"
03241,9.1,52,10.4,52.8,"POLYGON((9.1 52,9.1 52.8,10.4 52.8,10.4 52,9.1 52))"
03251,8.2,52.3,9.2,53.2,"POLYGON((8.2 52.3,8.2 53.2,9.2 53.2,9.2 52.3,8.2 52.3))"
03252,9.1,51.8,9.8,52.4,"POLYGON((9.1 51.8,9.1 52.4,9.8 52.4,9.8 51.8,9.1 51.8))"
03254,9.5,51.8,10.4,52.4,"POLYGON((9.5 51.8,9.5 52.4,10.4 52.4,10.4 51.8,9.5 51.8))"
03255,9.2,51.5,10,52.1,"POLYGON((9.2 51.5,9.2 52.1,10 52.1,10 51.5,9.2 51.5))"
03256,8.6,52.3,9.6,53,"POLYGON((8.6 52.3,8.6 53,9.6 53,9.6 52.3,8.6 52.3))"
03257,8.9,52,9.5,52.6,"POLYGON((8.9 52,8.9 52.6,9.5 52.6,9.5 52,8.9 52))"
03351,9.6,52.4,10.5,53,"POLYGON((9.6 52.4,9.6 53,10.5 53,10.5 52.4,9.6 52.4))"
03352,8.4,53.2,9.4,54,"POLYGON((8.4 53.2,8.4 54,9.4 54,9.4 53.2,8.4 53.2))"
03353,9.5,53,10.6,53.6,"POLYGON((9.5 53,9.5 53.6,10.6 53.6,10.6 53,9.5 53))"
03354,10.7,52.7,11.7,53.4,"POLYGON((10.7 52.7,10.7 53.4,11.7 53.4,11.7 52.7,10.7 52.7))"
03355,9.9,52.9,11.3,53.5,"POLYGON((9.9 52.9,9.9 53.5,11.3 53.5,11.3 52.9,9.9 52.9))"
03356,8.4,53,9.2,53.5,"POLYGON((8.4 53,8.4 53.5,9.2 53.5,9.2 53,8.4 53))"
03357,8.8,52.8,9.9,53.7,"POLYGON((8.8 52.8,8.8 53.7,9.9 53.7,9.9 52.8,8.8 52.8))"
03358,9.2,52.5,10.3,53.3,"POLYGON((9.2 52.5,9.2 53.3,10.3 53.3,10.3 52.5,9.2 52.5))"
03359,8.9,53.2,9.9,54,"POLYGON((8.9 53.2,8.9 54,9.9 54,9.9 53.2,8.9 53.2))"
03360,10,52.7,11,53.3,"POLYGON((10 52.7,10 53.3,11 53.3,11 52.7,10 52.7))"
03361,8.8,52.7,9.6,53.3,"POLYGON((8.8 52.7,8.8 53.3,9.6 53.3,9.6 52.7,8.8 52.7))"
03401,8.5,52.9,8.8,53.2,"POLYGON((8.5 52.9,8.5 53.2,8.8 53.2,8.8 52.9,8.5 52.9))"
03402,6.9,53.2,7.4,53.5,"POLYGON((6.9 53.2,6.9 53.5,7.4 53.5,7.4 53.2,6.9 53.2))"
03403,8,53,8.4,53.3,"POLYGON((8 53,8 53.3,8.4 53.3,8.4 53,8 53))"
03404,7.8,52.1,8.3,52.4,"POLYGON((7.8 52.1,7.8 52.4,8.3 52.4,8.3 52.1,7.8 52.1))"
03405,7.9,53.4,8.3,53.7,"POLYGON((7.9 53.4,7.9 53.7,8.3 53.7,8.3 53.4,7.9 53.4))"
03451,7.6,53,8.4,53.5,"POLYGON((7.6 53,7.6 53.5,8.4 53.5,8.4 53,7.6 53))"
03452,6.8,53.2,7.9,53.8,"POLYGON((6.8 53.2,6.8 53.8,7.9 53.8,7.9 53.2,6.8 53.2))"
03453,7.5,52.6,8.4,53.3,"POLYGON((7.5 52.6,7.5 53.3,8.4 53.3,8.4 52.6,7.5 52.6))"
03454,6.9,52.2,7.9,53.2,"POLYGON((6.9 52.2,6.9 53.2,7.9 53.2,7.9 52.2,6.9 52.2))"
03455,7.7,53.2,8.3,53.9,"POLYGON((7.7 53.2,7.7 53.9,8.3 53.9,8.3 53.2,7.7 53.2))"
03456,6.6,52.1,7.4,52.8,"POLYGON((6.6 52.1,6.6 52.8,7.4 52.8,7.4 52.1,6.6 52.1))"
03457,6.6,52.9,8,53.7,"POLYGON((6.6 52.9,6.6 53.7,8 53.7,8 52.9,6.6 52.9))"
03458,8,52.7,8.8,53.3,"POLYGON((8 52.7,8 53.3,8.8 53.3,8.8 52.7,8 52.7))"
03459,7.5,51.9,8.6,52.8,"POLYGON((7.5 51.9,7.5 52.8,8.6 52.8,8.6 51.9,7.5 51.9))"
03460,7.9,52.3,8.6,53,"POLYGON((7.9 52.3,7.9 53,8.6 53,8.6 52.3,7.9 52.3))"
03461,8,53,8.8,53.8,"POLYGON((8 53,8 53.8,8.8 53.8,8.8 53,8 53))"
03462,7.3,53.3,8.1,53.9,"POLYGON((7.3 53.3,7.3 53.9,8.1 53.9,8.1 53.3,7.3 53.3))"
04011,8.4,52.9,9.1,53.7,"POLYGON((8.4 52.9,8.4 53.7,9.1 53.7,9.1 52.9,8.4 52.9))"
04012,8.4,53.4,8.8,53.7,"POLYGON((8.4 53.4,8.4 53.7,8.8 53.7,8.8 53.4,8.4 53.4))"
05111,6.6,51,7,51.5,"POLYGON((6.6 51,6.6 51.5,7 51.5,7 51,6.6 51))"
05112,6.5,51.2,6.9,51.7,"POLYGON((6.5 51.2,6.5 51.7,6.9 51.7,6.9 51.2,6.5 51.2))"
05113,6.8,51.2,7.2,51.6,"POLYGON((6.8 51.2,6.8 51.6,7.2 51.6,7.2 51.2,6.8 51.2))"
05114,6.4,51.2,6.8,51.5,"POLYGON((6.4 51.2,6.4 51.5,6.8 51.5,6.8 51.2,6.4 51.2))"
05116,6.2,51,6.6,51.3,"POLYGON((6.2 51,6.2 51.3,6.6 51.3,6.6 51,6.2 51))"
05117,6.7,51.3,7.1,51.6,"POLYGON((6.7 51.3,6.7 51.6,7.1 51.6,7.1 51.3,6.7 51.3))"
05119,6.7,51.3,7,51.7,"POLYGON((6.7 51.3,6.7 51.7,7 51.7,7 51.3,6.7 51.3))"
05120,7,51,7.4,51.3,"POLYGON((7 51,7 51.3,7.4 51.3,7.4 51,7 51))"
05122,6.9,51,7.3,51.3,"POLYGON((6.9 51,6.9 51.3,7.3 51.3,7.3 51,6.9 51))"
05124,6.9,51.1,7.4,51.4,"POLYGON((6.9 51.1,6.9 51.4,7.4 51.4,7.4 51.1,6.9 51.1))"
05154,5.8,51.3,6.6,52,"POLYGON((5.8 51.3,5.8 52,6.6 52,6.6 51.3,5.8 51.3))"
05158,6.7,51,7.3,51.5,"POLYGON((6.7 51,6.7 51.5,7.3 51.5,7.3 51,6.7 51))"
05162,6.3,50.9,7,51.4,"POLYGON((6.3 50.9,6.3 51.4,7 51.4,7 50.9,6.3 50.9))"
05166,6,51.1,6.7,51.5,"POLYGON((6 51.1,6 51.5,6.7 51.5,6.7 51.1,6 51.1))"
05170,6.2,51.3,7,51.9,"POLYGON((6.2 51.3,6.2 51.9,7 51.9,7 51.3,6.2 51.3))"
05314,6.9,50.5,7.3,50.9,"POLYGON((6.9 50.5,6.9 50.9,7.3 50.9,7.3 50.5,6.9 50.5))"
05315,6.7,50.7,7.3,51.2,"POLYGON((6.7 50.7,6.7 51.2,7.3 51.2,7.3 50.7,6.7 50.7))"
05316,6.8,50.9,7.2,51.2,"POLYGON((6.8 50.9,6.8 51.2,7.2 51.2,7.2 50.9,6.8 50.9))"
05334,5.9,50.4,6.5,51.1,"POLYGON((5.9 50.4,5.9 51.1,6.5 51.1,6.5 50.4,5.9 50.4))"
05358,6.1,50.5,6.8,51.1,"POLYGON((6.1 50.5,6.1 51.1,6.8 51.1,6.8 50.5,6.1 50.5))"
05362,6.4,50.6,7.1,51.2,"POLYGON((6.4 50.6,6.4 51.2,7.1 51.2,7.1 50.6,6.4 50.6))"
05366,6.2,50.2,7,50.9,"POLYGON((6.2 50.2,6.2 50.9,7 50.9,7 50.2,6.2 50.2))"
05370,5.8,50.8,6.6,51.3,"POLYGON((5.8 50.8,5.8 51.3,6.6 51.3,6.6 50.8,5.8 50.8))"
05374,7.2,50.7,7.9,51.4,"POLYGON((7.2 50.7,7.2 51.4,7.9 51.4,7.9 50.7,7.2 50.7))"
05378,6.9,50.8,7.5,51.3,"POLYGON((6.9 50.8,6.9 51.3,7.5 51.3,7.5 50.8,6.9 50.8))"
05382,6.8,50.5,7.8,51,"POLYGON((6.8 50.5,6.8 51,7.8 51,7.8 50.5,6.8 50.5))"
05512,6.7,51.4,7.1,51.7,"POLYGON((6.7 51.4,6.7 51.7,7.1 51.7,7.1 51.4,6.7 51.4))"
05513,6.9,51.4,7.2,51.7,"POLYGON((6.9 51.4,6.9 51.7,7.2 51.7,7.2 51.4,6.9 51.4))"
05515,7.4,51.7,7.9,52.2,"POLYGON((7.4 51.7,7.4 52.2,7.9 52.2,7.9 51.7,7.4 51.7))"
05554,6.3,51.6,7.4,52.3,"POLYGON((6.3 51.6,6.3 52.3,7.4 52.3,7.4 51.6,6.3 51.6))"
05558,7,51.6,7.8,52.2,"POLYGON((7 51.6,7 52.2,7.8 52.2,7.8 51.6,7 51.6))"
05562,6.8,51.4,7.6,51.9,"POLYGON((6.8 51.4,6.8 51.9,7.6 51.9,7.6 51.4,6.8 51.4))"
05566,7,51.9,8.1,52.6,"POLYGON((7 51.9,7 52.6,8.1 52.6,8.1 51.9,7 51.9))"
05570,7.5,51.6,8.4,52.2,"POLYGON((7.5 51.6,7.5 52.2,8.4 52.2,8.4 51.6,7.5 51.6))"
05711,8.3,51.8,8.8,52.2,"POLYGON((8.3 51.8,8.3 52.2,8.8 52.2,8.8 51.8,8.3 51.8))"
05754,8,51.6,8.8,52.2,"POLYGON((8 51.6,8 52.2,8.8 52.2,8.8 51.6,8 51.6))"
05758,8.3,52,9,52.4,"POLYGON((8.3 52,8.3 52.4,9 52.4,9 52,8.3 52))"
05762,8.8,51.3,9.6,52,"POLYGON((8.8 51.3,8.8 52,9.6 52,9.6 51.3,8.8 51.3))"
05766,8.5,51.7,9.4,52.3,"POLYGON((8.5 51.7,8.5 52.3,9.4 52.3,9.4 51.7,8.5 51.7))"
05770,8.2,52.1,9.2,52.6,"POLYGON((8.2 52.1,8.2 52.6,9.2 52.6,9.2 52.1,8.2 52.1))"
05774,8.3,51.3,9.1,52,"POLYGON((8.3 51.3,8.3 52,9.1 52,9.1 51.3,8.3 51.3))"
05911,7,51.3,7.4,51.6,"POLYGON((7 51.3,7 51.6,7.4 51.6,7.4 51.3,7 51.3))"
05913,7.2,51.3,7.7,51.7,"POLYGON((7.2 51.3,7.2 51.7,7.7 51.7,7.7 51.3,7.2 51.3))"
05914,7.3,51.2,7.7,51.5,"POLYGON((7.3 51.2,7.3 51.5,7.7 51.5,7.7 51.2,7.3 51.2))"
05915,7.6,51.5,8.1,51.8,"POLYGON((7.6 51.5,7.6 51.8,8.1 51.8,8.1 51.5,7.6 51.5))"
05916,7,51.4,7.4,51.7,"POLYGON((7 51.4,7 51.7,7.4 51.7,7.4 51.4,7 51.4))"
05954,7,51.1,7.6,51.6,"POLYGON((7 51.1,7 51.6,7.6 51.6,7.6 51.1,7 51.1))"
05958,7.8,51,9.1,51.6,"POLYGON((7.8 51,7.8 51.6,9.1 51.6,9.1 51,7.8 51))"
05962,7.3,51,8.1,51.6,"POLYGON((7.3 51,7.3 51.6,8.1 51.6,8.1 51,7.3 51))"
05966,7.6,50.8,8.3,51.3,"POLYGON((7.6 50.8,7.6 51.3,8.3 51.3,8.3 50.8,7.6 50.8))"
05970,7.7,50.6,8.6,51.2,"POLYGON((7.7 50.6,7.7 51.2,8.6 51.2,8.6 50.6,7.7 50.6))"
05974,7.7,51.3,8.7,51.8,"POLYGON((7.7 51.3,7.7 51.8,8.7 51.8,8.7 51.3,7.7 51.3))"
05978,7.3,51.3,7.9,51.8,"POLYGON((7.3 51.3,7.3 51.8,7.9 51.8,7.9 51.3,7.3 51.3))"
06411,8.5,49.7,8.8,50.1,"POLYGON((8.5 49.7,8.5 50.1,8.8 50.1,8.8 49.7,8.5 49.7))"
06412,8.4,49.9,8.9,50.3,"POLYGON((8.4 49.9,8.4 50.3,8.9 50.3,8.9 49.9,8.4 49.9))"
06413,8.6,49.9,8.9,50.2,"POLYGON((8.6 49.9,8.6 50.2,8.9 50.2,8.9 49.9,8.6 49.9))"
06414,8,49.9,8.5,50.3,"POLYGON((8 49.9,8 50.3,8.5 50.3,8.5 49.9,8 49.9))"
06431,8.3,49.3,9.1,49.9,"POLYGON((8.3 49.3,8.3 49.9,9.1 49.9,9.1 49.3,8.3 49.3))"
06432,8.4,49.6,9.2,50.1,"POLYGON((8.4 49.6,8.4 50.1,9.2 50.1,9.2 49.6,8.4 49.6))"
06433,8.2,49.6,8.7,50.2,"POLYGON((8.2 49.6,8.2 50.2,8.7 50.2,8.7 49.6,8.2 49.6))"
06434,8.2,50.1,8.8,50.5,"POLYGON((8.2 50.1,8.2 50.5,8.8 50.5,8.8 50.1,8.2 50.1))"
06435,8.7,50,9.8,50.6,"POLYGON((8.7 50,8.7 50.6,9.8 50.6,9.8 50,8.7 50))"
06436,8.2,49.9,8.7,50.3,"POLYGON((8.2 49.9,8.2 50.3,8.7 50.3,8.7 49.9,8.2 49.9))"
06437,8.7,49.4,9.3,50,"POLYGON((8.7 49.4,8.7 50,9.3 50,9.3 49.4,8.7 49.4))"
06438,8.5,49.8,9.1,50.2,"POLYGON((8.5 49.8,8.5 50.2,9.1 50.2,9.1 49.8,8.5 49.8))"
06439,7.7,49.9,8.5,50.4,"POLYGON((7.7 49.9,7.7 50.4,8.5 50.4,8.5 49.9,7.7 49.9))"
06440,8.4,50.1,9.4,50.6,"POLYGON((8.4 50.1,8.4 50.6,9.4 50.6,9.4 50.1,8.4 50.1))"
06531,8.4,50.3,9.2,50.8,"POLYGON((8.4 50.3,8.4 50.8,9.2 50.8,9.2 50.3,8.4 50.3))"
06532,8,50.3,8.8,51,"POLYGON((8 50.3,8 51,8.8 51,8.8 50.3,8 50.3))"
06533,7.9,50.2,8.6,50.7,"POLYGON((7.9 50.2,7.9 50.7,8.6 50.7,8.6 50.2,7.9 50.2))"
06534,8.3,50.6,9.3,51.1,"POLYGON((8.3 50.6,8.3 51.1,9.3 51.1,9.3 50.6,8.3 50.6))"
06535,8.8,50.3,9.8,50.9,"POLYGON((8.8 50.3,8.8 50.9,9.8 50.9,9.8 50.3,8.8 50.3))"
06611,9.3,51.2,9.7,51.5,"POLYGON((9.3 51.2,9.3 51.5,9.7 51.5,9.7 51.2,9.3 51.2))"
06631,9.3,50.3,10.2,50.9,"POLYGON((9.3 50.3,9.3 50.9,10.2 50.9,10.2 50.3,9.3 50.3))"
06632,9.3,50.6,10.2,51.2,"POLYGON((9.3 50.6,9.3 51.2,10.2 51.2,10.2 50.6,9.3 50.6))"
06633,9,51.1,9.9,51.8,"POLYGON((9 51.1,9 51.8,9.9 51.8,9.9 51.1,9 51.1))"
06634,8.9,50.7,9.9,51.4,"POLYGON((8.9 50.7,8.9 51.4,9.9 51.4,9.9 50.7,8.9 50.7))"
06635,8.4,50.8,9.3,51.6,"POLYGON((8.4 50.8,8.4 51.6,9.3 51.6,9.3 50.8,8.4 50.8))"
06636,9.5,50.9,10.3,51.5,"POLYGON((9.5 50.9,9.5 51.5,10.3 51.5,10.3 50.9,9.5 50.9))"
07111,7.4,50.2,7.8,50.5,"POLYGON((7.4 50.2,7.4 50.5,7.8 50.5,7.8 50.2,7.4 50.2))"
07131,6.6,50.2,7.4,50.7,"POLYGON((6.6 50.2,6.6 50.7,7.4 50.7,7.4 50.2,6.6 50.2))"
07132,7.3,50.5,8.1,51,"POLYGON((7.3 50.5,7.3 51,8.1 51,8.1 50.5,7.3 50.5))"
07133,7.3,49.5,8.1,50.1,"POLYGON((7.3 49.5,7.3 50.1,8.1 50.1,8.1 49.5,7.3 49.5))"
07134,6.9,49.4,7.6,50,"POLYGON((6.9 49.4,6.9 50,7.6 50,7.6 49.4,6.9 49.4))"
07135,6.9,49.9,7.5,50.4,"POLYGON((6.9 49.9,6.9 50.4,7.5 50.4,7.5 49.9,6.9 49.9))"
07137,6.9,50.1,7.8,50.6,"POLYGON((6.9 50.1,6.9 50.6,7.8 50.6,7.8 50.1,6.9 50.1))"
07138,7.1,50.3,7.8,50.8,"POLYGON((7.1 50.3,7.1 50.8,7.8 50.8,7.8 50.3,7.1 50.3))"
07140,7.1,49.7,7.9,50.4,"POLYGON((7.1 49.7,7.1 50.4,7.9 50.4,7.9 49.7,7.1 49.7))"
07141,7.5,50,8.2,50.5,"POLYGON((7.5 50,7.5 50.5,8.2 50.5,8.2 50,7.5 50))"
07143,7.5,50.2,8.3,50.8,"POLYGON((7.5 50.2,7.5 50.8,8.3 50.8,8.3 50.2,7.5 50.2))"
07211,6.5,49.6,6.8,50,"POLYGON((6.5 49.6,6.5 50,6.8 50,6.8 49.6,6.5 49.6))"
07231,6.6,49.6,7.4,50.2,"POLYGON((6.6 49.6,6.6 50.2,7.4 50.2,7.4 49.6,6.6 49.6))"
07232,6,49.7,6.8,50.4,"POLYGON((6 49.7,6 50.4,6.8 50.4,6.8 49.7,6 49.7))"
07233,6.3,50,7.2,50.5,"POLYGON((6.3 50,6.3 50.5,7.2 50.5,7.2 50,6.3 50))"
07235,6.3,49.4,7.2,50,"POLYGON((6.3 49.4,6.3 50,7.2 50,7.2 49.4,6.3 49.4))"
07311,8.2,49.4,8.5,49.7,"POLYGON((8.2 49.4,8.2 49.7,8.5 49.7,8.5 49.4,8.2 49.4))"
07312,7.5,49.3,8,49.6,"POLYGON((7.5 49.3,7.5 49.6,8 49.6,8 49.3,7.5 49.3))"
07313,7.8,49.1,8.3,49.4,"POLYGON((7.8 49.1,7.8 49.4,8.3 49.4,8.3 49.1,7.8 49.1))"
07314,8.2,49.3,8.6,49.7,"POLYGON((8.2 49.3,8.2 49.7,8.6 49.7,8.6 49.3,8.2 49.3))"
07315,8,49.8,8.4,50.1,"POLYGON((8 49.8,8 50.1,8.4 50.1,8.4 49.8,8 49.8))"
07316,7.9,49.2,8.4,49.5,"POLYGON((7.9 49.2,7.9 49.5,8.4 49.5,8.4 49.2,7.9 49.2))"
07317,7.4,49,7.8,49.3,"POLYGON((7.4 49,7.4 49.3,7.8 49.3,7.8 49,7.4 49))"
07318,8.3,49.2,8.6,49.5,"POLYGON((8.3 49.2,8.3 49.5,8.6 49.5,8.6 49.2,8.3 49.2))"
07319,8.1,49.5,8.5,49.8,"POLYGON((8.1 49.5,8.1 49.8,8.5 49.8,8.5 49.5,8.1 49.5))"
07320,7.2,49.1,7.5,49.4,"POLYGON((7.2 49.1,7.2 49.4,7.5 49.4,7.5 49.1,7.2 49.1))"
07331,7.8,49.5,8.6,50,"POLYGON((7.8 49.5,7.8 50,8.6 50,8.6 49.5,7.8 49.5))"
07332,7.7,49.2,8.4,49.7,"POLYGON((7.7 49.2,7.7 49.7,8.4 49.7,8.4 49.2,7.7 49.2))"
07333,7.6,49.4,8.3,49.9,"POLYGON((7.6 49.4,7.6 49.9,8.3 49.9,8.3 49.4,7.6 49.4))"
07334,8,48.9,8.5,49.4,"POLYGON((8 48.9,8 49.4,8.5 49.4,8.5 48.9,8 48.9))"
07335,7.3,49.2,8.1,49.7,"POLYGON((7.3 49.2,7.3 49.7,8.1 49.7,8.1 49.2,7.3 49.2))"
07336,7.1,49.3,7.8,49.8,"POLYGON((7.1 49.3,7.1 49.8,7.8 49.8,7.8 49.3,7.1 49.3))"
07337,7.7,48.9,8.4,49.4,"POLYGON((7.7 48.9,7.7 49.4,8.4 49.4,8.4 48.9,7.7 48.9))"
07338,8.1,49.1,8.6,49.7,"POLYGON((8.1 49.1,8.1 49.7,8.6 49.7,8.6 49.1,8.1 49.1))"
07339,7.6,49.6,8.5,50.2,"POLYGON((7.6 49.6,7.6 50.2,8.5 50.2,8.5 49.6,7.6 49.6))"
07340,7.2,48.9,8,49.5,"POLYGON((7.2 48.9,7.2 49.5,8 49.5,8 48.9,7.2 48.9))"
08111,8.9,48.6,9.4,49,"POLYGON((8.9 48.6,8.9 49,9.4 49,9.4 48.6,8.9 48.6))"
08115,8.6,48.4,9.3,49,"POLYGON((8.6 48.4,8.6 49,9.3 49,9.3 48.4,8.6 48.4))"
08116,9,48.4,9.7,48.9,"POLYGON((9 48.4,9 48.9,9.7 48.9,9.7 48.4,9 48.4))"
08117,9.4,48.4,10.1,48.9,"POLYGON((9.4 48.4,9.4 48.9,10.1 48.9,10.1 48.4,9.4 48.4))"
08118,8.8,48.7,9.5,49.2,"POLYGON((8.8 48.7,8.8 49.2,9.5 49.2,9.5 48.7,8.8 48.7))"
08119,9.1,48.6,9.9,49.2,"POLYGON((9.1 48.6,9.1 49.2,9.9 49.2,9.9 48.6,9.1 48.6))"
08121,8.9,49,9.4,49.3,"POLYGON((8.9 49,8.9 49.3,9.4 49.3,9.4 49,8.9 49))"
08125,8.7,48.9,9.6,49.5,"POLYGON((8.7 48.9,8.7 49.5,9.6 49.5,9.6 48.9,8.7 48.9))"
08126,9.2,49,10,49.5,"POLYGON((9.2 49,9.2 49.5,10 49.5,10 49,9.2 49))"
08127,9.4,48.8,10.4,49.5,"POLYGON((9.4 48.8,9.4 49.5,10.4 49.5,10.4 48.8,9.4 48.8))"
08128,9.2,49.3,10.3,49.9,"POLYGON((9.2 49.3,9.2 49.9,10.3 49.9,10.3 49.3,9.2 49.3))"
08135,9.8,48.4,10.6,48.9,"POLYGON((9.8 48.4,9.8 48.9,10.6 48.9,10.6 48.4,9.8 48.4))"
08136,9.5,48.6,10.6,49.2,"POLYGON((9.5 48.6,9.5 49.2,10.6 49.2,10.6 48.6,9.5 48.6))"
08211,8,48.6,8.4,48.9,"POLYGON((8 48.6,8 48.9,8.4 48.9,8.4 48.6,8 48.6))"
08212,8.2,48.8,8.6,49.2,"POLYGON((8.2 48.8,8.2 49.2,8.6 49.2,8.6 48.8,8.2 48.8))"
08215,8.2,48.7,9,49.4,"POLYGON((8.2 48.7,8.2 49.4,9 49.4,9 48.7,8.2 48.7))"
08216,7.9,48.5,8.6,49.1,"POLYGON((7.9 48.5,7.9 49.1,8.6 49.1,8.6 48.5,7.9 48.5))"
08221,8.5,49.3,8.9,49.6,"POLYGON((8.5 49.3,8.5 49.6,8.9 49.6,8.9 49.3,8.5 49.3))"
08222,8.3,49.3,8.7,49.7,"POLYGON((8.3 49.3,8.3 49.7,8.7 49.7,8.7 49.3,8.3 49.3))"
08225,8.8,49.2,9.7,49.8,"POLYGON((8.8 49.2,8.8 49.8,9.7 49.8,9.7 49.2,8.8 49.2))"
08226,8.4,49.1,9.2,49.7,"POLYGON((8.4 49.1,8.4 49.7,9.2 49.7,9.2 49.1,8.4 49.1))"
08231,8.5,48.7,8.9,49,"POLYGON((8.5 48.7,8.5 49,8.9 49,8.9 48.7,8.5 48.7))"
08235,8.3,48.4,9,48.9,"POLYGON((8.3 48.4,8.3 48.9,9 48.9,9 48.4,8.3 48.4))"
08236,8.4,48.7,9,49.2,"POLYGON((8.4 48.7,8.4 49.2,9 49.2,9 48.7,8.4 48.7))"
08237,8.1,48.2,8.9,48.7,"POLYGON((8.1 48.2,8.1 48.7,8.9 48.7,8.9 48.2,8.1 48.2))"
08311,7.6,47.8,8,48.2,"POLYGON((7.6 47.8,7.6 48.2,8 48.2,8 47.8,7.6 47.8))"
08315,7.4,47.6,8.5,48.2,"POLYGON((7.4 47.6,7.4 48.2,8.5 48.2,8.5 47.6,7.4 47.6))"
08316,7.5,47.9,8.3,48.4,"POLYGON((7.5 47.9,7.5 48.4,8.3 48.4,8.3 47.9,7.5 47.9))"
08317,7.6,48.1,8.4,48.8,"POLYGON((7.6 48.1,7.6 48.8,8.4 48.8,8.4 48.1,7.6 48.1))"
08325,8.2,48,8.9,48.5,"POLYGON((8.2 48,8.2 48.5,8.9 48.5,8.9 48,8.2 48))"
08326,8,47.7,8.8,48.3,"POLYGON((8 47.7,8 48.3,8.8 48.3,8.8 47.7,8 47.7))"
08327,8.5,47.7,9.1,48.3,"POLYGON((8.5 47.7,8.5 48.3,9.1 48.3,9.1 47.7,8.5 47.7))"
08335,8.5,47.6,9.3,48,"POLYGON((8.5 47.6,8.5 48,9.3 48,9.3 47.6,8.5 47.6))"
08336,7.4,47.4,8.1,48,"POLYGON((7.4 47.4,7.4 48,8.1 48,8.1 47.4,7.4 47.4))"
08337,7.8,47.4,8.7,48,"POLYGON((7.8 47.4,7.8 48,8.7 48,8.7 47.4,7.8 47.4))"
08415,9,48.1,9.7,48.7,"POLYGON((9 48.1,9 48.7,9.7 48.7,9.7 48.1,9 48.1))"
08416,8.7,48.3,9.3,48.7,"POLYGON((8.7 48.3,8.7 48.7,9.3 48.7,9.3 48.3,8.7 48.3))"
08417,8.5,48,9.3,48.5,"POLYGON((8.5 48,8.5 48.5,9.3 48.5,9.3 48,8.5 48))"
08421,9.7,48.2,10.1,48.6,"POLYGON((9.7 48.2,9.7 48.6,10.1 48.6,10.1 48.2,9.7 48.2))"
08425,9.4,48,10.3,48.7,"POLYGON((9.4 48,9.4 48.7,10.3 48.7,10.3 48,9.4 48))"
08426,9.2,47.8,10.2,48.4,"POLYGON((9.2 47.8,9.2 48.4,10.2 48.4,10.2 47.8,9.2 47.8))"
08435,9,47.5,9.8,48,"POLYGON((9 47.5,9 48,9.8 48,9.8 47.5,9 47.5))"
08436,9.3,47.5,10.2,48.1,"POLYGON((9.3 47.5,9.3 48.1,10.2 48.1,10.2 47.5,9.3 47.5))"
08437,8.8,47.7,9.7,48.4,"POLYGON((8.8 47.7,8.8 48.4,9.7 48.4,9.7 47.7,8.8 47.7))"
09161,11.2,48.6,11.6,48.9,"POLYGON((11.2 48.6,11.2 48.9,11.6 48.9,11.6 48.6,11.2 48.6))"
09162,11.3,48,11.8,48.3,"POLYGON((11.3 48,11.3 48.3,11.8 48.3,11.8 48,11.3 48))"
09163,12,47.7,12.3,48,"POLYGON((12 47.7,12 48,12.3 48,12.3 47.7,12 47.7))"
09171,12.4,47.9,13,48.5,"POLYGON((12.4 47.9,12.4 48.5,13 48.5,13 47.9,12.4 47.9))"
09172,12.6,47.4,13.2,48.1,"POLYGON((12.6 47.4,12.6 48.1,13.2 48.1,13.2 47.4,12.6 47.4))"
09173,11.2,47.4,11.8,48.1,"POLYGON((11.2 47.4,11.2 48.1,11.8 48.1,11.8 47.4,11.2 47.4))"
09174,11,48.1,11.7,48.6,"POLYGON((11 48.1,11 48.6,11.7 48.6,11.7 48.1,11 48.1))"
09175,11.6,47.8,12.2,48.3,"POLYGON((11.6 47.8,11.6 48.3,12.2 48.3,12.2 47.8,11.6 47.8))"
09176,10.8,48.6,11.8,49.2,"POLYGON((10.8 48.6,10.8 49.2,11.8 49.2,11.8 48.6,10.8 48.6))"
09177,11.6,48,12.4,48.6,"POLYGON((11.6 48,11.6 48.6,12.4 48.6,12.4 48,11.6 48))"
09178,11.4,48.2,12.1,48.7,"POLYGON((11.4 48.2,11.4 48.7,12.1 48.7,12.1 48.2,11.4 48.2))"
09179,10.9,48,11.5,48.4,"POLYGON((10.9 48,10.9 48.4,11.5 48.4,11.5 48,10.9 48))"
09180,10.8,47.3,11.5,47.8,"POLYGON((10.8 47.3,10.8 47.8,11.5 47.8,11.5 47.3,10.8 47.3))"
09181,10.6,47.7,11.3,48.3,"POLYGON((10.6 47.7,10.6 48.3,11.3 48.3,11.3 47.7,10.6 47.7))"
09182,11.5,47.5,12.2,48,"POLYGON((11.5 47.5,11.5 48,12.2 48,12.2 47.5,11.5 47.5))"
09183,11.9,48,12.7,48.5,"POLYGON((11.9 48,11.9 48.5,12.7 48.5,12.7 48,11.9 48))"
09184,11.3,47.8,12,48.4,"POLYGON((11.3 47.8,11.3 48.4,12 48.4,12 47.8,11.3 47.8))"
09185,10.8,48.4,11.6,48.9,"POLYGON((10.8 48.4,10.8 48.9,11.6 48.9,11.6 48.4,10.8 48.4))"
09186,11.2,48.3,11.8,48.9,"POLYGON((11.2 48.3,11.2 48.9,11.8 48.9,11.8 48.3,11.2 48.3))"
09187,11.7,47.5,12.5,48.2,"POLYGON((11.7 47.5,11.7 48.2,12.5 48.2,12.5 47.5,11.7 47.5))"
09188,11,47.7,11.5,48.2,"POLYGON((11 47.7,11 48.2,11.5 48.2,11.5 47.7,11 47.7))"
09189,12.2,47.5,13,48.3,"POLYGON((12.2 47.5,12.2 48.3,13 48.3,13 47.5,12.2 47.5))"
09190,10.6,47.5,11.5,48.1,"POLYGON((10.6 47.5,10.6 48.1,11.5 48.1,11.5 47.5,10.6 47.5))"
09261,11.9,48.4,12.4,48.7,"POLYGON((11.9 48.4,11.9 48.7,12.4 48.7,12.4 48.4,11.9 48.4))"
09262,13.2,48.4,13.6,48.7,"POLYGON((13.2 48.4,13.2 48.7,13.6 48.7,13.6 48.4,13.2 48.4))"
09263,12.4,48.7,12.8,49,"POLYGON((12.4 48.7,12.4 49,12.8 49,12.8 48.7,12.4 48.7))"
09271,12.6,48.5,13.4,49.1,"POLYGON((12.6 48.5,12.6 49.1,13.4 49.1,13.4 48.5,12.6 48.5))"
09272,13.1,48.6,13.9,49.1,"POLYGON((13.1 48.6,13.1 49.1,13.9 49.1,13.9 48.6,13.1 48.6))"
09273,11.5,48.5,12.2,49.1,"POLYGON((11.5 48.5,11.5 49.1,12.2 49.1,12.2 48.5,11.5 48.5))"
09274,11.8,48.2,12.6,48.9,"POLYGON((11.8 48.2,11.8 48.9,12.6 48.9,12.6 48.2,11.8 48.2))"
09275,12.9,48.2,13.9,48.9,"POLYGON((12.9 48.2,12.9 48.9,13.9 48.9,13.9 48.2,12.9 48.2))"
09276,12.7,48.8,13.5,49.3,"POLYGON((12.7 48.8,12.7 49.3,13.5 49.3,13.5 48.8,12.7 48.8))"
09277,12.4,48.1,13.3,48.7,"POLYGON((12.4 48.1,12.4 48.7,13.3 48.7,13.3 48.1,12.4 48.1))"
09278,12,48.6,13,49.2,"POLYGON((12 48.6,12 49.2,13 49.2,13 48.6,12 48.6))"
09279,12.2,48.4,13.1,48.9,"POLYGON((12.2 48.4,12.2 48.9,13.1 48.9,13.1 48.4,12.2 48.4))"
09361,11.7,49.3,12,49.6,"POLYGON((11.7 49.3,11.7 49.6,12 49.6,12 49.3,11.7 49.3))"
09362,11.9,48.9,12.3,49.2,"POLYGON((11.9 48.9,11.9 49.2,12.3 49.2,12.3 48.9,11.9 48.9))"
09363,12,49.5,12.4,49.8,"POLYGON((12 49.5,12 49.8,12.4 49.8,12.4 49.5,12 49.5))"
09371,11.4,49.1,12.2,49.9,"POLYGON((11.4 49.1,11.4 49.9,12.2 49.9,12.2 49.1,11.4 49.1))"
09372,12.2,48.9,13.3,49.6,"POLYGON((12.2 48.9,12.2 49.6,13.3 49.6,13.3 48.9,12.2 48.9))"
09373,11.1,48.9,12,49.5,"POLYGON((11.1 48.9,11.1 49.5,12 49.5,12 48.9,11.1 48.9))"
09374,11.5,49.4,12.7,50,"POLYGON((11.5 49.4,11.5 50,12.7 50,12.7 49.4,11.5 49.4))"
09375,11.6,48.7,12.6,49.3,"POLYGON((11.6 48.7,11.6 49.3,12.6 49.3,12.6 48.7,11.6 48.7))"
09376,11.8,49,12.7,49.7,"POLYGON((11.8 49,11.8 49.7,12.7 49.7,12.7 49,11.8 49))"
09377,11.7,49.7,12.7,50.2,"POLYGON((11.7 49.7,11.7 50.2,12.7 50.2,12.7 49.7,11.7 49.7))"
09461,10.7,49.7,11.1,50,"POLYGON((10.7 49.7,10.7 50,11.1 50,11.1 49.7,10.7 49.7))"
09462,11.4,49.8,11.8,50.1,"POLYGON((11.4 49.8,11.4 50.1,11.8 50.1,11.8 49.8,11.4 49.8))"
09463,10.8,50.1,11.2,50.4,"POLYGON((10.8 50.1,10.8 50.4,11.2 50.4,11.2 50.1,10.8 50.1))"
09464,11.7,50.2,12.1,50.5,"POLYGON((11.7 50.2,11.7 50.5,12.1 50.5,12.1 50.2,11.7 50.2))"
09471,10.3,49.6,11.4,50.2,"POLYGON((10.3 49.6,10.3 50.2,11.4 50.2,11.4 49.6,10.3 49.6))"
09472,11.1,49.5,12,50.2,"POLYGON((11.1 49.5,11.1 50.2,12 50.2,12 49.5,11.1 49.5))"
09473,10.6,50,11.3,50.5,"POLYGON((10.6 50,10.6 50.5,11.3 50.5,11.3 50,10.6 50))"
09474,10.8,49.5,11.5,50,"POLYGON((10.8 49.5,10.8 50,11.5 50,11.5 49.5,10.8 49.5))"
09475,11.4,50,12.3,50.5,"POLYGON((11.4 50,11.4 50.5,12.3 50.5,12.3 50,11.4 50))"
09476,11.1,50.1,11.7,50.6,"POLYGON((11.1 50.1,11.1 50.6,11.7 50.6,11.7 50.1,11.1 50.1))"
09477,11.2,49.8,11.8,50.4,"POLYGON((11.2 49.8,11.2 50.4,11.8 50.4,11.8 49.8,11.2 49.8))"
09478,10.8,49.9,11.5,50.3,"POLYGON((10.8 49.9,10.8 50.3,11.5 50.3,11.5 49.9,10.8 49.9))"
09479,11.7,49.9,12.4,50.3,"POLYGON((11.7 49.9,11.7 50.3,12.4 50.3,12.4 49.9,11.7 49.9))"
09561,10.4,49.1,10.8,49.4,"POLYGON((10.4 49.1,10.4 49.4,10.8 49.4,10.8 49.1,10.4 49.1))"
09562,10.8,49.4,11.2,49.7,"POLYGON((10.8 49.4,10.8 49.7,11.2 49.7,11.2 49.4,10.8 49.4))"
09563,10.8,49.3,11.1,49.6,"POLYGON((10.8 49.3,10.8 49.6,11.1 49.6,11.1 49.3,10.8 49.3))"
09564,10.9,49.2,11.4,49.6,"POLYGON((10.9 49.2,10.9 49.6,11.4 49.6,11.4 49.2,10.9 49.2))"
09565,10.9,49.2,11.2,49.5,"POLYGON((10.9 49.2,10.9 49.5,11.2 49.5,11.2 49.2,10.9 49.2))"
09571,10,48.9,11,49.6,"POLYGON((10 48.9,10 49.6,11 49.6,11 48.9,10 48.9))"
09572,10.5,49.4,11.4,49.9,"POLYGON((10.5 49.4,10.5 49.9,11.4 49.9,11.4 49.4,10.5 49.4))"
09573,10.6,49.3,11.1,49.6,"POLYGON((10.6 49.3,10.6 49.6,11.1 49.6,11.1 49.3,10.6 49.3))"
09574,11,49.2,11.7,49.8,"POLYGON((11 49.2,11 49.8,11.7 49.8,11.7 49.2,11 49.2))"
09575,10,49.3,10.9,49.9,"POLYGON((10 49.3,10 49.9,10.9 49.9,10.9 49.3,10 49.3))"
09576,10.7,48.9,11.5,49.5,"POLYGON((10.7 48.9,10.7 49.5,11.5 49.5,11.5 48.9,10.7 48.9))"
09577,10.5,48.8,11.3,49.3,"POLYGON((10.5 48.8,10.5 49.3,11.3 49.3,11.3 48.8,10.5 48.8))"
09661,9,49.8,9.3,50.1,"POLYGON((9 49.8,9 50.1,9.3 50.1,9.3 49.8,9 49.8))"
09662,10.1,49.9,10.4,50.2,"POLYGON((10.1 49.9,10.1 50.2,10.4 50.2,10.4 49.9,10.1 49.9))"
09663,9.8,49.6,10.1,49.9,"POLYGON((9.8 49.6,9.8 49.9,10.1 49.9,10.1 49.6,9.8 49.6))"
09671,8.9,49.7,9.6,50.2,"POLYGON((8.9 49.7,8.9 50.2,9.6 50.2,9.6 49.7,8.9 49.7))"
09672,9.5,49.9,10.5,50.5,"POLYGON((9.5 49.9,9.5 50.5,10.5 50.5,10.5 49.9,9.5 49.9))"
09673,9.8,50.1,10.7,50.7,"POLYGON((9.8 50.1,9.8 50.7,10.7 50.7,10.7 50.1,9.8 50.1))"
09674,10.2,49.8,11,50.3,"POLYGON((10.2 49.8,10.2 50.3,11 50.3,11 49.8,10.2 49.8))"
09675,9.9,49.5,10.7,50,"POLYGON((9.9 49.5,9.9 50,10.7 50,10.7 49.5,9.9 49.5))"
09676,8.9,49.5,9.6,50,"POLYGON((8.9 49.5,8.9 50,9.6 50,9.6 49.5,8.9 49.5))"
09677,9.3,49.6,10.1,50.3,"POLYGON((9.3 49.6,9.3 50.3,10.1 50.3,10.1 49.6,9.3 49.6))"
09678,9.9,49.7,10.6,50.3,"POLYGON((9.9 49.7,9.9 50.3,10.6 50.3,10.6 49.7,9.9 49.7))"
09679,9.5,49.4,10.3,50.1,"POLYGON((9.5 49.4,9.5 50.1,10.3 50.1,10.3 49.4,9.5 49.4))"
09761,10.7,48.2,11.1,48.6,"POLYGON((10.7 48.2,10.7 48.6,11.1 48.6,11.1 48.2,10.7 48.2))"
09762,10.5,47.7,10.8,48,"POLYGON((10.5 47.7,10.5 48,10.8 48,10.8 47.7,10.5 47.7))"
09763,10.1,47.6,10.5,47.9,"POLYGON((10.1 47.6,10.1 47.9,10.5 47.9,10.5 47.6,10.1 47.6))"
09764,10,47.8,10.3,48.1,"POLYGON((10 47.8,10 48.1,10.3 48.1,10.3 47.8,10 47.8))"
09771,10.8,48.1,11.4,48.7,"POLYGON((10.8 48.1,10.8 48.7,11.4 48.7,11.4 48.1,10.8 48.1))"
09772,10.4,48,11.1,48.7,"POLYGON((10.4 48,10.4 48.7,11.1 48.7,11.1 48,10.4 48))"
09773,10.2,48.4,10.9,48.9,"POLYGON((10.2 48.4,10.2 48.9,10.9 48.9,10.9 48.4,10.2 48.4))"
09774,10,48.1,10.7,48.6,"POLYGON((10 48.1,10 48.6,10.7 48.6,10.7 48.1,10 48.1))"
09775,9.9,48,10.4,48.6,"POLYGON((9.9 48,9.9 48.6,10.4 48.6,10.4 48,9.9 48))"
09776,9.5,47.4,10.2,47.8,"POLYGON((9.5 47.4,9.5 47.8,10.2 47.8,10.2 47.4,9.5 47.4))"
09777,10.2,47.4,11.1,48.2,"POLYGON((10.2 47.4,10.2 48.2,11.1 48.2,11.1 47.4,10.2 47.4))"
09778,10,47.7,10.8,48.3,"POLYGON((10 47.7,10 48.3,10.8 48.3,10.8 47.7,10 47.7))"
09779,10.3,48.5,11.1,49.1,"POLYGON((10.3 48.5,10.3 49.1,11.1 49.1,11.1 48.5,10.3 48.5))"
09780,9.9,47.2,10.6,48,"POLYGON((9.9 47.2,9.9 48,10.6 48,10.6 47.2,9.9 47.2))"
10041,6.6,49,7.2,49.5,"POLYGON((6.6 49,6.6 49.5,7.2 49.5,7.2 49,6.6 49))"
10042,6.3,49.3,7.1,49.7,"POLYGON((6.3 49.3,6.3 49.7,7.1 49.7,7.1 49.3,6.3 49.3))"
10043,6.8,49.2,7.4,49.5,"POLYGON((6.8 49.2,6.8 49.5,7.4 49.5,7.4 49.2,6.8 49.2))"
10044,6.4,49.1,7.1,49.6,"POLYGON((6.4 49.1,6.4 49.6,7.1 49.6,7.1 49.1,6.4 49.1))"
10045,7,49,7.5,49.5,"POLYGON((7 49,7 49.5,7.5 49.5,7.5 49,7 49))"
10046,6.8,49.3,7.4,49.7,"POLYGON((6.8 49.3,6.8 49.7,7.4 49.7,7.4 49.3,6.8 49.3))"
11000,13,52.2,13.9,52.8,"POLYGON((13 52.2,13 52.8,13.9 52.8,13.9 52.2,13 52.2))"
12051,12.3,52.2,12.8,52.6,"POLYGON((12.3 52.2,12.3 52.6,12.8 52.6,12.8 52.2,12.3 52.2))"
12052,14.2,51.6,14.6,52,"POLYGON((14.2 51.6,14.2 52,14.6 52,14.6 51.6,14.2 51.6))"
12053,14.3,52.2,14.7,52.5,"POLYGON((14.3 52.2,14.3 52.5,14.7 52.5,14.7 52.2,14.3 52.2))"
12054,12.8,52.2,13.3,52.6,"POLYGON((12.8 52.2,12.8 52.6,13.3 52.6,13.3 52.2,12.8 52.2))"
12060,13.3,52.4,14.3,53.2,"POLYGON((13.3 52.4,13.3 53.2,14.3 53.2,14.3 52.4,13.3 52.4))"
12061,13.3,51.6,14.6,52.5,"POLYGON((13.3 51.6,13.3 52.5,14.6 52.5,14.6 51.6,13.3 51.6))"
12062,13,51.3,14,52,"POLYGON((13 51.3,13 52,14 52,14 51.3,13 51.3))"
12063,12,52.3,13.3,52.9,"POLYGON((12 52.3,12 52.9,13.3 52.9,13.3 52.3,12 52.3))"
12064,13.5,52.3,14.7,53,"POLYGON((13.5 52.3,13.5 53,14.7 53,14.7 52.3,13.5 52.3))"
12065,12.7,52.5,13.6,53.4,"POLYGON((12.7 52.5,12.7 53.4,13.6 53.4,13.6 52.5,12.7 52.5))"
12066,13.5,51.3,14.3,52,"POLYGON((13.5 51.3,13.5 52,14.3 52,14.3 51.3,13.5 51.3))"
12067,13.6,51.9,14.9,52.6,"POLYGON((13.6 51.9,13.6 52.6,14.9 52.6,14.9 51.9,13.6 51.9))"
12068,12,52.6,13.2,53.4,"POLYGON((12 52.6,12 53.4,13.2 53.4,13.2 52.6,12 52.6))"
12069,12.1,51.9,13.4,52.7,"POLYGON((12.1 51.9,12.1 52.7,13.4 52.7,13.4 51.9,12.1 51.9))"
12070,11.2,52.8,12.5,53.5,"POLYGON((11.2 52.8,11.2 53.5,12.5 53.5,12.5 52.8,11.2 52.8))"
12071,14,51.4,14.9,52.2,"POLYGON((14 51.4,14 52.2,14.9 52.2,14.9 51.4,14 51.4))"
12072,12.7,51.7,13.8,52.5,"POLYGON((12.7 51.7,12.7 52.5,13.8 52.5,13.8 51.7,12.7 51.7))"
12073,13.1,52.8,14.6,53.7,"POLYGON((13.1 52.8,13.1 53.7,14.6 53.7,14.6 52.8,13.1 52.8))"
13003,11.9,54,12.4,54.3,"POLYGON((11.9 54,11.9 54.3,12.4 54.3,12.4 54,11.9 54))"
13004,11.2,53.4,11.6,53.8,"POLYGON((11.2 53.4,11.2 53.8,11.6 53.8,11.6 53.4,11.2 53.4))"
13071,12.2,53.1,13.9,54.1,"POLYGON((12.2 53.1,12.2 54.1,13.9 54.1,13.9 53.1,12.2 53.1))"
13072,11.4,53.5,12.9,54.4,"POLYGON((11.4 53.5,11.4 54.4,12.9 54.4,12.9 53.5,11.4 53.5))"
13073,12.2,53.9,13.9,54.8,"POLYGON((12.2 53.9,12.2 54.8,13.9 54.8,13.9 53.9,12.2 53.9))"
13074,10.6,53.5,11.9,54.1,"POLYGON((10.6 53.5,10.6 54.1,11.9 54.1,11.9 53.5,10.6 53.5))"
13075,12.9,53.2,14.5,54.4,"POLYGON((12.9 53.2,12.9 54.4,14.5 54.4,14.5 53.2,12.9 53.2))"
13076,10.5,53,12.5,53.9,"POLYGON((10.5 53,10.5 53.9,12.5 53.9,12.5 53,10.5 53))"
14511,12.6,50.6,13.2,51,"POLYGON((12.6 50.6,12.6 51,13.2 51,13.2 50.6,12.6 50.6))"
14521,12.4,50.3,13.6,50.9,"POLYGON((12.4 50.3,12.4 50.9,13.6 50.9,13.6 50.3,12.4 50.3))"
14522,12.5,50.5,13.8,51.3,"POLYGON((12.5 50.5,12.5 51.3,13.8 51.3,13.8 50.5,12.5 50.5))"
14523,11.8,50.1,12.7,50.8,"POLYGON((11.8 50.1,11.8 50.8,12.7 50.8,12.7 50.1,11.8 50.1))"
14524,12.1,50.4,12.9,51,"POLYGON((12.1 50.4,12.1 51,12.9 51,12.9 50.4,12.1 50.4))"
14612,13.5,50.9,14.1,51.3,"POLYGON((13.5 50.9,13.5 51.3,14.1 51.3,14.1 50.9,13.5 50.9))"
14625,13.7,50.9,14.8,51.6,"POLYGON((13.7 50.9,13.7 51.6,14.8 51.6,14.8 50.9,13.7 50.9))"
14626,14.3,50.7,15.1,51.7,"POLYGON((14.3 50.7,14.3 51.7,15.1 51.7,15.1 50.7,14.3 50.7))"
14627,13.1,50.9,14,51.6,"POLYGON((13.1 50.9,13.1 51.6,14 51.6,14 50.9,13.1 50.9))"
14628,13.3,50.6,14.5,51.2,"POLYGON((13.3 50.6,13.3 51.2,14.5 51.2,14.5 50.6,13.3 50.6))"
14713,12.1,51.1,12.6,51.5,"POLYGON((12.1 51.1,12.1 51.5,12.6 51.5,12.6 51.1,12.1 51.1))"
14729,12,50.9,13,51.6,"POLYGON((12 50.9,12 51.6,13 51.6,13 50.9,12 50.9))"
14730,12,51.1,13.3,51.8,"POLYGON((12 51.1,12 51.8,13.3 51.8,13.3 51.1,12 51.1))"
15001,12,51.6,12.5,52.1,"POLYGON((12 51.6,12 52.1,12.5 52.1,12.5 51.6,12 51.6))"
15002,11.8,51.3,12.2,51.6,"POLYGON((11.8 51.3,11.8 51.6,12.2 51.6,12.2 51.3,11.8 51.3))"
15003,11.4,51.9,11.9,52.3,"POLYGON((11.4 51.9,11.4 52.3,11.9 52.3,11.9 51.9,11.4 51.9))"
15081,10.7,52.3,11.7,53,"POLYGON((10.7 52.3,10.7 53,11.7 53,11.7 52.3,10.7 52.3))"
15082,11.7,51.4,12.7,52.2,"POLYGON((11.7 51.4,11.7 52.2,12.7 52.2,12.7 51.4,11.7 51.4))"
15083,10.8,51.8,12,52.6,"POLYGON((10.8 51.8,10.8 52.6,12 52.6,12 51.8,10.8 51.8))"
15084,11.3,50.8,12.4,51.4,"POLYGON((11.3 50.8,11.3 51.4,12.4 51.4,12.4 50.8,11.3 50.8))"
15085,10.5,51.5,11.5,52.2,"POLYGON((10.5 51.5,10.5 52.2,11.5 52.2,11.5 51.5,10.5 51.5))"
15086,11.6,51.9,12.4,52.7,"POLYGON((11.6 51.9,11.6 52.7,12.4 52.7,12.4 51.9,11.6 51.9))"
15087,10.8,51.2,11.9,51.8,"POLYGON((10.8 51.2,10.8 51.8,11.9 51.8,11.9 51.2,10.8 51.2))"
15088,11.3,51.1,12.3,51.8,"POLYGON((11.3 51.1,11.3 51.8,12.3 51.8,12.3 51.1,11.3 51.1))"
15089,11.1,51.5,12.1,52.2,"POLYGON((11.1 51.5,11.1 52.2,12.1 52.2,12.1 51.5,11.1 51.5))"
15090,11.3,52.2,12.4,53.1,"POLYGON((11.3 52.2,11.3 53.1,12.4 53.1,12.4 52.2,11.3 52.2))"
15091,12.2,51.5,13.3,52.1,"POLYGON((12.2 51.5,12.2 52.1,13.3 52.1,13.3 51.5,12.2 51.5))"
16051,10.8,50.8,11.3,51.2,"POLYGON((10.8 50.8,10.8 51.2,11.3 51.2,11.3 50.8,10.8 50.8))"
16052,11.9,50.7,12.3,51.1,"POLYGON((11.9 50.7,11.9 51.1,12.3 51.1,12.3 50.7,11.9 50.7))"
16053,11.4,50.8,11.8,51.1,"POLYGON((11.4 50.8,11.4 51.1,11.8 51.1,11.8 50.8,11.4 50.8))"
16054,10.5,50.5,10.9,50.8,"POLYGON((10.5 50.5,10.5 50.8,10.9 50.8,10.9 50.5,10.5 50.5))"
16055,11.1,50.8,11.5,51.1,"POLYGON((11.1 50.8,11.1 51.1,11.5 51.1,11.5 50.8,11.1 50.8))"
16056,10.1,50.8,10.5,51.2,"POLYGON((10.1 50.8,10.1 51.2,10.5 51.2,10.5 50.8,10.1 50.8))"
16061,9.8,51.1,10.6,51.7,"POLYGON((9.8 51.1,9.8 51.7,10.6 51.7,10.6 51.1,9.8 51.1))"
16062,10.4,51.3,11.1,51.7,"POLYGON((10.4 51.3,10.4 51.7,11.1 51.7,11.1 51.3,10.4 51.3))"
16063,9.8,50.5,10.7,51.3,"POLYGON((9.8 50.5,9.8 51.3,10.7 51.3,10.7 50.5,9.8 50.5))"
16064,10.1,50.9,11,51.4,"POLYGON((10.1 50.9,10.1 51.4,11 51.4,11 50.9,10.1 50.9))"
16065,10.4,51.1,11.6,51.5,"POLYGON((10.4 51.1,10.4 51.5,11.6 51.5,11.6 51.1,10.4 51.1))"
16066,9.9,50.3,10.9,51,"POLYGON((9.9 50.3,9.9 51,10.9 51,10.9 50.3,9.9 50.3))"
16067,10.3,50.6,11.1,51.2,"POLYGON((10.3 50.6,10.3 51.2,11.1 51.2,11.1 50.6,10.3 50.6))"
16068,10.8,50.9,11.6,51.4,"POLYGON((10.8 50.9,10.8 51.4,11.6 51.4,11.6 50.9,10.8 50.9))"
16069,10.4,50.1,11.1,50.7,"POLYGON((10.4 50.1,10.4 50.7,11.1 50.7,11.1 50.1,10.4 50.1))"
16070,10.6,50.4,11.3,51,"POLYGON((10.6 50.4,10.6 51,11.3 51,11.3 50.4,10.6 50.4))"
16071,11,50.7,11.8,51.2,"POLYGON((11 50.7,11 51.2,11.8 51.2,11.8 50.7,11 50.7))"
16072,10.8,50.2,11.4,50.6,"POLYGON((10.8 50.2,10.8 50.6,11.4 50.6,11.4 50.2,10.8 50.2))"
16073,10.9,50.3,11.7,50.9,"POLYGON((10.9 50.3,10.9 50.9,11.7 50.9,11.7 50.3,10.9 50.3))"
16074,11.3,50.6,12.1,51.2,"POLYGON((11.3 50.6,11.3 51.2,12.1 51.2,12.1 50.6,11.3 50.6))"
16075,11.4,50.3,12.1,50.9,"POLYGON((11.4 50.3,11.4 50.9,12.1 50.9,12.1 50.3,11.4 50.3))"
16076,11.8,50.4,12.4,51.1,"POLYGON((11.8 50.4,11.8 51.1,12.4 51.1,12.4 50.4,11.8 50.4))"
16077,12.1,50.7,12.8,51.2,"POLYGON((12.1 50.7,12.1 51.2,12.8 51.2,12.8 50.7,12.1 50.7))"
